0 0.1 -0.1 0.01 1
0.01 0.0990107151262347 -0.0978579624239579 0.01 0.999666685184774
0.03 0.0970962582491015 -0.0935916830855346 0.02 0.997001499700032
0.07 0.0935221321877316 -0.0851305092633482 0.04 0.983711081242635
0.15 0.0873796587685329 -0.0684953673860992 0.08 0.925932825034901
0.31 0.0790098116878665 -0.0363880311159413 0.16 0.696407828335669
0.63 0.0770487124533446 0.0230553532336387 0.32 -0.0558276379628294
0.95 0.0930644192297669 0.0759316712653499 0.32 -0.772070827054992
1.27 0.12493023700061 0.122114029741773 0.32 -0.990557201703567
1.59 0.170513014605906 0.161700648492821 0.32 -0.570427817322818
1.91 0.227752006679023 0.195043554820499 0.32 0.217458414319808
2.23 0.294733491405882 0.222693998522664 0.32 0.865148431065079
2.87 0.451226182968091 0.263303139939754 0.64 0.429260187289356
3.19 0.537787254104105 0.276966051330425 0.32 -0.373299368635821
3.51 0.627983473297258 0.285907414767912 0.32 -0.935191490881713
3.83 0.720152763849578 0.289055157988039 0.32 -0.894162325230174
4.15 0.812169937274374 0.28460314617683 0.32 -0.276663521035562
4.47 0.901244748234981 0.270275836919189 0.32 0.519201241407591
4.79 0.983866176230058 0.243989049507543 0.32 0.980335112691466
5.11 1.0560209935338 0.2048792228477 0.32 0.809443442171333
5.43 1.11376466289337 0.154399313001101 0.32 0.116700699017993
5.75 1.15407875421435 0.0969052993563938 0.32 -0.65127940080133
6.07 1.17575493907524 0.0391681157712578 0.32 -0.999377349274312
6.39 1.17993047221181 -0.0112686663954973 0.32 -0.703173158137468
6.71 1.16999058875568 -0.0482475472016418 0.32 0.0463692746887124
7.03 1.15083154036478 -0.0686763160599446 0.32 0.766017270828105
7.35 1.12776083307155 -0.0730618085754624 0.32 0.99181120180281
7.67 1.1054145697622 -0.0649273499713924 0.32 0.57818091541401
7.99 1.08697459438042 -0.0496204964286079 0.32 -0.208204668213936
8.31 1.07379135682542 -0.0330407591630059 0.32 -0.860359960046291
8.63 1.06538481709601 -0.0205744248993777 0.32 -0.957838118666682
8.95 1.05974313772187 -0.0162973667064545 0.32 -0.437794627727052
9.27 1.0538362038476 -0.0224275372560039 0.32 0.364496620337601
9.59000000000001 1.04426261214443 -0.039047425276574 0.32 0.931795597930447
9.91000000000001 1.02793251502163 -0.0641713300602221 0.32 0.89836263191706
10.23 1.00266565828712 -0.0942087879275893 0.32 0.285752074666511
10.55 0.96758534970064 -0.124750679207105 0.32 -0.511083863756894
10.87 0.923237755283874 -0.151453141017881 0.32 -0.978422213328867
11.19 0.871450937729974 -0.170736594577929 0.32 -0.81496827413491
11.51 0.815027385139683 -0.180110024804164 0.32 -0.126101383446172
11.83 0.757396241755153 -0.178112346904567 0.32 0.644063518670509
12.15 0.702327697345371 -0.164013724388494 0.32 0.998998374373419
12.47 0.653755676044134 -0.137467576263316 0.32 0.709875416936063
13.11 0.592234843855612 -0.0462507545919391 0.64 -0.759895006805456
13.43 0.587461290508762 0.0185150643222748 0.32 -0.992976241556001
13.75 0.605382542072294 0.0954091821341457 0.32 -0.58588215366108
14.07 0.649623931600052 0.182543391852825 0.32 0.198932247223876
14.39 0.722857860696126 0.275608380005178 0.32 0.855494319179419
14.71 0.825762315360052 0.366102833703017 0.32 0.960516153934675
15.03 0.955333151242292 0.439167188775661 0.32 0.446289800246105
15.19 1.02761387552479 0.462420595275296 0.16 0.0494766090906926
15.35 1.10259993868969 0.472400773614826 0.16 -0.355661178573713
15.51 1.17788863883979 0.465642073171141 0.16 -0.700957844141167
15.67 1.25054659065597 0.439066019813342 0.16 -0.928316127723059
15.83 1.31721831356813 0.390584392909847 0.16 -0.99948227651415
15.99 1.37433785754551 0.319761874801959 0.16 -0.902482360112325
16.15 1.41844024826129 0.228367129504633 0.16 -0.653636922311747
16.31 1.44653783853382 0.120597472481232 0.16 -0.29481499781114
16.47 1.45649412347713 0.00280235826363364 0.16 0.113610485758742
16.63 1.44730972420059 -0.117327423872127 0.16 0.502920644521329
16.79 1.41924561520621 -0.231940035258143 0.16 0.807612808667333
16.95 1.37374875760428 -0.334252172821629 0.16 0.976421554543381
17.11 1.31320042262758 -0.419485394809263 0.16 0.980944274888502
17.27 1.24055397552617 -0.485291088166345 0.16 0.820420007650362
17.43 1.15894824163221 -0.531643456692924 0.16 0.521857470265716
17.59 1.07137158437401 -0.56034596308722 0.16 0.135490757231071
17.75 0.980421529828601 -0.574366772857765 0.16 -0.273672705729977
17.91 0.88817120118609 -0.577194597663023 0.16 -0.636789867366077
18.23 0.705264389761922 -0.562963907242254 0.32 -0.998529794474189
18.55 0.528670393696695 -0.540983713385725 0.32 -0.716514003573436
18.87 0.358192090244986 -0.526667722422551 0.32 0.0274409196260333
19.19 0.189861570181564 -0.528523674067327 0.32 0.753704584122518
19.51 0.0177979132300016 -0.550325833690122 0.32 0.994052216465088
19.83 -0.164522001026969 -0.592396370969513 0.32 0.593530841302721
20.15 -0.3631313919516 -0.651080940663114 0.32 -0.189641983037924
20.47 -0.581908687294898 -0.715877735592313 0.32 -0.850551944887334
20.79 -0.819615221712909 -0.764359734363132 0.32 -0.963108035860896
20.95 -0.942665187668179 -0.771005894160701 0.16 -0.774044184744339
21.11 -1.06528111619242 -0.757843773435712 0.16 -0.454744942873381
21.27 -1.18377055396315 -0.718375265939223 0.16 -0.0589334210887609
21.43 -1.29345470401729 -0.646994780877848 0.16 0.34679383583767
21.59 -1.38892911303943 -0.540511180261195 0.16 0.694171929225784
21.75 -1.4645797993573 -0.399738402706116 0.16 0.924753392350061
21.91 -1.51532078564828 -0.230559105475391 0.16 0.999742162217505
22.07 -1.53741531905831 -0.0438142707671492 0.16 0.906521140297614
22.23 -1.52916059065457 0.146296571376595 0.16 0.660775059394459
22.39 -1.49121497012676 0.324969506249359 0.16 0.303851477571996
22.55 -1.42645211509933 0.479771749772579 0.16 -0.104196079719588
22.71 -1.3393934783092 0.602783281598485 0.16 -0.49471231589953
22.87 -1.23541004542046 0.691295601880221 0.16 -0.801991634805205
23.03 -1.11992669450784 0.747144790573503 0.16 -0.974333315783777
23.19 -0.997806458508103 0.775243087255453 0.16 -0.982740324030404
23.35 -0.872989277933508 0.781963995040619 0.16 -0.825798153725325
23.51 -0.748368804494667 0.773832781322093 0.16 -0.529912823127397
23.83 -0.506450276872146 0.735318349754807 0.32 0.264551363853782
24.15 -0.278078380180067 0.693299356119089 0.32 0.888458343498353
24.47 -0.0612168820393326 0.665164846424731 0.32 0.939573061955639
24.79 0.14975547862008 0.656726697458467 0.32 0.384941678024919
25.11 0.360976093923124 0.665746667086242 0.32 -0.417862977950194
25.43 0.576694164952414 0.682532012119402 0.32 -0.951269882462808
25.75 0.796670898092242 0.688412609694688 0.32 -0.87138970271018
25.91 0.906197491358582 0.678703594275231 0.16 -0.601126292291106
26.07 1.0131126754121 0.655059722927492 0.16 -0.229721475331883
26.23 1.11485304100751 0.613376415480924 0.16 0.180334708944846
26.39 1.20825122754056 0.550339871468241 0.16 0.560049006093039
26.55 1.28972880283727 0.464271773434059 0.16 0.845533280475502
26.71 1.35562577118608 0.355952177497565 0.16 0.988753896853807
26.87 1.40264165265322 0.229140261281812 0.16 0.965613531966916
27.03 1.42831617997411 0.0905087350427219 0.16 0.780005625650226
27.19 1.43144168988521 -0.0511477606999532 0.16 0.463159297226226
27.35 1.41229724418565 -0.186303993739542 0.16 0.0683849470631138
27.51 1.37263670926636 -0.306309014951623 0.16 -0.337895387484372
27.67 1.3154356316817 -0.404719641370217 0.16 -0.687323750670974
27.83 1.24447202330676 -0.478003766888397 0.16 -0.921107711370437
27.99 1.16385288296153 -0.525524580345365 0.16 -0.999912376208591
28.15 1.07759089283046 -0.548972045685508 0.16 -0.91047861021518
28.31 0.989297080331188 -0.551532306031582 0.16 -0.667853928364607
28.47 0.902008717827611 -0.537065627413326 0.16 -0.312860703423508
28.79 0.739494045092478 -0.472222730975071 0.32 0.486459614136212
29.11 0.602681381155169 -0.379900092094368 0.32 0.972157684354297
29.43 0.497540720181351 -0.276224797943498 0.32 0.831102229967852
29.75 0.426195189722162 -0.169604164818932 0.32 0.154232205247567
30.07 0.388902400482486 -0.0637702201823001 0.32 -0.622071871995419
30.39 0.385139310990275 0.0398082332793107 0.32 -0.997323995830848
30.71 0.414060372098379 0.140380397849405 0.32 -0.729597784341151
31.03 0.474547462636381 0.236821803566242 0.32 0.0085027195486508
31.35 0.564915806249523 0.326501588127881 0.32 0.741121489835348
31.67 0.682204039399362 0.403790551933962 0.32 0.995936593710677
31.99 0.820939461397531 0.458360908624101 0.32 0.608667825353498
32.15 0.895540758485358 0.47236430822741 0.16 0.238928524039185
32.31 0.971457499362755 0.474394396975578 0.16 -0.171011259759071
32.47 1.04657873721096 0.462031016390762 0.16 -0.55217785634518
32.63 1.11842559824904 0.433159304952857 0.16 -0.840438776092197
32.79 1.18423328314727 0.386396975351662 0.16 -0.987293204366558
32.95 1.24110553981399 0.321558281478006 0.16 -0.968032417522671
33.11 1.28623920513146 0.240044222436522 0.16 -0.785897104077147
33.27 1.31719614873968 0.145022072588287 0.16 -0.471532108580544
33.43 1.33217900402133 0.0412790580065311 0.16 -0.0778303392607358
33.59 1.33025439215367 -0.0652839256174204 0.16 0.328966631658599
33.75 1.31147117942629 -0.168433983536935 0.16 0.680413922722948
33.91 1.27684375519977 -0.262474794330779 0.16 0.917379411782907
34.07 1.22820443105509 -0.34297878320174 0.16 0.999992903220093
34.23 1.16796158354625 -0.407213311231519 0.16 0.914354414900457
34.39 1.09881871313798 -0.454203884968104 0.16 0.674872894284293
34.55 1.02350921930922 -0.484491541256458 0.16 0.321841867284729
34.71 0.944586278570111 -0.499710052368384 0.16 -0.0853400753512511
34.87 0.86428564386781 -0.502117732990762 0.16 -0.47816327945598
35.19 0.706570832740976 -0.478288349152639 0.32 -0.969894855397805
35.51 0.560702189007587 -0.430627806473007 0.32 -0.836331760629768
35.83 0.432176139120741 -0.37146112645096 0.32 -0.163582598468182
36.15 0.323444506266024 -0.307690822997055 0.32 0.614628848057289
36.47 0.235404678651545 -0.242440842600851 0.32 0.996586885240637
36.79 0.168323397816891 -0.176780492877516 0.32 0.736041804923986
37.11 0.122283332898863 -0.110946561420738 0.32 0.000967949166152104
37.43 0.0973277920244525 -0.0450222122308827 0.32 -0.734729946869608
37.75 0.0934584654073479 0.0207973372165121 0.32 -0.996744827028279
38.07 0.110593123405691 0.0861940291934414 0.32 -0.616154764053434
38.39 0.148540157814975 0.15081825647608 0.32 0.161672471745761
38.71 0.206999287141942 0.214337667649741 0.32 0.835268888688144
39.03 0.285552832945399 0.276307663442818 0.32 0.970364475566618
39.35 0.383570457968252 0.335741527714824 0.32 0.479862625938317
39.67 0.499915930932475 0.390294600501163 0.32 -0.320008369223794
39.99 0.63233235345413 0.435093818769018 0.32 -0.913568827996774
40.31 0.776435688971201 0.461560717794769 0.32 -0.918148206713676
40.63 0.924450285928794 0.457206160933221 0.32 -0.330794163591363
40.79 0.996309586244084 0.439022102966585 0.16 0.0759001683084859
40.95 1.06425683954203 0.408099281066692 0.16 0.469824055997525
41.11 1.12617321020993 0.363555886938819 0.16 0.784698555131491
41.27 1.17986759568207 0.305420128720817 0.16 0.967545031878454
41.4299999999999 1.22324383513948 0.234883102312584 0.16 0.98759898620529
41.5899999999999 1.25449785080596 0.154406437888853 0.16 0.841486276649017
41.7499999999999 1.27231562943373 0.0676170329147601 0.16 0.553790830326833
41.9099999999999 1.27603562908508 -0.0210300307833961 0.16 0.172918319173867
42.0699999999999 1.26574157190332 -0.10677042122203 0.16 -0.237048247990435
42.2299999999999 1.24226480460908 -0.185119934137202 0.16 -0.60713069508364
42.3899999999999 1.20709586595939 -0.252397830282214 0.16 -0.875061475809998
42.5499999999999 1.16222545632291 -0.306071544764661 0.16 -0.995760385950222
42.7099999999999 1.10994847498533 -0.344870983962252 0.16 -0.948919450797495
42.8699999999999 1.05266745888196 -0.36868959023803 0.16 -0.742419806355619
43.0299999999999 0.992724663998857 -0.378338764945975 0.16 -0.411005673193104
43.1899999999999 0.93227957413499 -0.375239277761802 0.16 -0.010438531060882
43.5099999999999 0.817212472301855 -0.337783726701204 0.32 0.728272502419602
43.8299999999999 0.719319600634791 -0.270022180913832 0.32 0.997463657479106
44.1499999999999 0.646449010079895 -0.182909011404531 0.32 0.623586436850992
44.4699999999999 0.603524757538888 -0.083830185889309 0.32 -0.152319182546115
44.7899999999999 0.593556575462816 0.0223966964384504 0.32 -0.8300240819756
45.1099999999999 0.618214692595369 0.131935866191226 0.32 -0.972609496925176
45.4299999999999 0.677865874404628 0.240166246374627 0.32 -0.488150102095182
45.7499999999999 0.771008997153678 0.339676002636794 0.32 0.311021403689769
46.0699999999999 0.893031955353239 0.418087758700491 0.32 0.909676301801662
46.3899999999999 1.03435911201958 0.456719445895348 0.32 0.921859645371366
46.5499999999999 1.10744222151147 0.453961610314723 0.16 0.688728604141265
46.7099999999999 1.17864306378566 0.432784991516182 0.16 0.339716789368903
46.8699999999999 1.2448439436573 0.391227710625288 0.16 -0.0664534534121893
47.0299999999999 1.30271108908834 0.328645039103562 0.16 -0.461442691745889
47.1899999999999 1.34894796014635 0.246218145348698 0.16 -0.778792732660718
47.3499999999999 1.38061388010576 0.147231698030752 0.16 -0.965108424563225
47.5099999999999 1.39545746221031 0.0369599251094734 0.16 -0.98904156095973
47.6699999999999 1.39219516240799 -0.0779044069713319 0.16 -0.846565315692233
47.8299999999999 1.37066673510888 -0.19018918976226 0.16 -0.561651769219886
47.9899999999999 1.33182589572203 -0.293316364883106 0.16 -0.182238529998854
48.1499999999999 1.27756804522013 -0.382218661149411 0.16 0.227836920285434
48.3099999999999 1.2104398039582 -0.453873528219179 0.16 0.599578085620005
48.4699999999999 1.13330001318531 -0.507376802968587 0.16 0.870438335100551
48.6299999999999 1.04900155624259 -0.54363133005345 0.16 0.99484457209231
48.7899999999999 0.960143032525263 -0.564815702611657 0.16 0.951865052379339
48.9499999999999 0.868911196519496 -0.573807069006817 0.16 0.748731216562287
49.2699999999999 0.685661923958373 -0.567369377116215 0.32 0.0199081766732491
49.5899999999999 0.507367378219889 -0.545945049602816 0.32 -0.721749735684741
49.9099999999999 0.336230240470226 -0.52454607597688 0.32 -0.998093020587777
50.2299999999999 0.17073391125886 -0.51165288695517 0.32 -0.630962177163501
